000049
000050
000053
000055
000646
000647
000648
001011
001134
001135
001190
001410
001581
001582
001586
001587
001652
001653
001654
001788
001789
001893
001954
001955
002157
002546
002556
002606
002662
002665
002741
002873
002955
003059
003069
003141
003181
003182
003221
003299
003364
003365
003448
003449
003450
003601
003607
003620
003840
003843
003844
003845
003866
003867
003868
003879
003884
003885
003926
003928
003933
003936
003937
003938
003943
003944
003945
003946
003951
003982
003983
003984
003985
004024
004025
004034
004357
004383
004438
004489
004490
004492
004493
004514
004515
004521
004529
004530
004601
004630
004723
004755
005032
005033
005034
005035
005047
005049
005050
005137
005249
005361
005370
005451
005461
005462
005463
005541
005565
005678
005679
005791
005795
005848
005849
005872
005972
005978
005980
006092
006217
006285
006309
006346
006686
007021
007166
007167
007168
007256
007260
007276
007285
007307
007315
007360
007402
007403
007435
007566
008023
008033
008034
008222
008331
008346
008396
008648
008721
008839
009186
009213
009218
009222
009227
009234
009242
009243
009258
009262
009268
009277
009278
009288
009303
009314
009404
009520
009590
009769
009786
009787
010714
010761
010762
010781
010782
010966
010970
